<?xml version="1.0"?>
<opencv_storage>
<calibration_time>"2020年09月07日 星期一 18时34分24秒"</calibration_time>
<nr_of_frames>25</nr_of_frames>
<image_width>640</image_width>
<image_height>480</image_height>
<board_width>9</board_width>
<board_height>6</board_height>
<square_size>50.</square_size>
<fix_aspect_ratio>1.</fix_aspect_ratio>
<!-- flags: +fix_aspectRatio +fix_principal_point +zero_tangent_dist +fix_k4 +fix_k5 -->
<flags>6158</flags>
<fisheye_model>0</fisheye_model>
<camera_matrix type_id="opencv-matrix">
  <rows>3</rows>
  <cols>3</cols>
  <dt>d</dt>
  <data>
    8.6406425799729345e+02 0. 3.1950000000000000e+02 0.
    8.6406425799729345e+02 2.3950000000000000e+02 0. 0. 1.</data></camera_matrix>
<distortion_coefficients type_id="opencv-matrix">
  <rows>5</rows>
  <cols>1</cols>
  <dt>d</dt>
  <data>
    1.5312682986417145e-01 2.4729785154752122e+00 0. 0.
    -1.9496729188608409e+01</data></distortion_coefficients>
<avg_reprojection_error>5.6261136961962710e-01</avg_reprojection_error>
<per_view_reprojection_errors type_id="opencv-matrix">
  <rows>25</rows>
  <cols>1</cols>
  <dt>f</dt>
  <data>
    5.65309823e-01 5.70919335e-01 5.49644649e-01 5.60773730e-01
    5.60748041e-01 5.60622096e-01 5.58423638e-01 5.57291389e-01
    5.61928093e-01 5.67039311e-01 5.57933927e-01 5.63716292e-01
    5.63242912e-01 5.62780261e-01 5.59736073e-01 5.64970374e-01
    5.67291021e-01 5.70545256e-01 5.59644639e-01 5.59127271e-01
    5.67105532e-01 5.59597909e-01 5.65810025e-01 5.67097604e-01
    5.63518584e-01</data></per_view_reprojection_errors>
<!-- a set of 6-tuples (rotation vector + translation vector) for each view -->
<extrinsic_parameters type_id="opencv-matrix">
  <rows>25</rows>
  <cols>6</cols>
  <dt>d</dt>
  <data>
    -1.3165007394494757e-01 -7.0132525706933402e-02
    -4.8938259256657651e-02 -1.3050612362428112e+02
    -1.8276699357530430e+02 9.9130423098018832e+02
    -1.3178763611899741e-01 -7.0312756322776448e-02
    -4.8962530845673445e-02 -1.3051717562458407e+02
    -1.8276786925407890e+02 9.9121505977943093e+02
    -1.3120733292119166e-01 -6.9480973453875466e-02
    -4.8794043558054494e-02 -1.3049629731656870e+02
    -1.8279700347746271e+02 9.9137339827095400e+02
    -1.3099408789349093e-01 -7.0368649989711235e-02
    -4.8907772547562602e-02 -1.3050252269237140e+02
    -1.8279223387698266e+02 9.9116725248239754e+02
    -1.3126699620765692e-01 -6.9642771848042059e-02
    -4.8933285186107775e-02 -1.3052665390992266e+02
    -1.8278014157725653e+02 9.9138915029870191e+02
    -1.3139408505584413e-01 -7.0203684689505302e-02
    -4.8990662503994760e-02 -1.3051219542013681e+02
    -1.8277845103883715e+02 9.9119843315468131e+02
    -1.3098485756352229e-01 -7.0226936405795970e-02
    -4.8933820623777213e-02 -1.3050670732933858e+02
    -1.8276809377017753e+02 9.9118415159769813e+02
    -1.3149934429681812e-01 -7.0031236871943708e-02
    -4.8903168948556550e-02 -1.3050391852037512e+02
    -1.8276463858147903e+02 9.9140748010451546e+02
    -1.3150853948661337e-01 -7.0145878196804887e-02
    -4.9002001069308604e-02 -1.3052591272745764e+02
    -1.8276722448733051e+02 9.9129992142082210e+02
    -1.3183341663737566e-01 -7.0089495752864911e-02
    -4.8915828424971317e-02 -1.3051865297612244e+02
    -1.8277717000335733e+02 9.9133149920791550e+02
    -1.3196137730850116e-01 -7.0200591352855377e-02
    -4.8879689958897722e-02 -1.3052106032933662e+02
    -1.8278012554598141e+02 9.9133587856231270e+02
    -1.3180666016806564e-01 -7.0373153399752919e-02
    -4.8918378794381996e-02 -1.3051231246120906e+02
    -1.8276448158540722e+02 9.9126614429999290e+02
    -1.3113603096876647e-01 -6.9951659384106371e-02
    -4.8926133999850914e-02 -1.3051530148325659e+02
    -1.8277987737387036e+02 9.9131832162463047e+02
    -1.3112449657777459e-01 -6.9783642146425143e-02
    -4.8910663197686673e-02 -1.3051220883827088e+02
    -1.8277451605710993e+02 9.9135615420058821e+02
    -1.3187989543795287e-01 -7.0113052408782239e-02
    -4.8901007153784419e-02 -1.3051276873881093e+02
    -1.8276480788148544e+02 9.9135438823076572e+02
    -1.3119996908922626e-01 -7.0118353798823307e-02
    -4.8978088360666472e-02 -1.3052005649895312e+02
    -1.8277340268990349e+02 9.9124113001459148e+02
    -1.3200286931778424e-01 -7.0375332431320381e-02
    -4.8965192834983337e-02 -1.3052353177613475e+02
    -1.8275424433952907e+02 9.9128944775178934e+02
    -1.3159663806019073e-01 -7.0208491209821658e-02
    -4.8981611234628221e-02 -1.3052631096647423e+02
    -1.8275880821316267e+02 9.9126689364129095e+02
    -1.3154362289828936e-01 -7.0264024068929704e-02
    -4.8949562732670225e-02 -1.3051697243844919e+02
    -1.8276278700765752e+02 9.9127635335480795e+02
    -1.3112110448857323e-01 -7.0310394954948799e-02
    -4.9013738332779687e-02 -1.3050898406491370e+02
    -1.8275787407200775e+02 9.9115346057020122e+02
    -1.3134038178022017e-01 -7.0435921668630788e-02
    -4.8916150452335883e-02 -1.3051553413127840e+02
    -1.8278109703567563e+02 9.9112130981742257e+02
    -1.3128056025218848e-01 -6.9425633779948717e-02
    -4.8935058608323763e-02 -1.3051877706663811e+02
    -1.8275051322978217e+02 9.9142017024089932e+02
    -1.3164388381952319e-01 -7.0052907397310030e-02
    -4.8904889587950980e-02 -1.3051801759795910e+02
    -1.8278061751083399e+02 9.9132898639914686e+02
    -1.3136657475155875e-01 -6.9790375777884037e-02
    -4.8969474993528016e-02 -1.3053085048264109e+02
    -1.8276904318187223e+02 9.9136607759086360e+02
    -1.3126179177207051e-01 -6.9847576220983046e-02
    -4.8886831613049131e-02 -1.3052382228701094e+02
    -1.8278489413913900e+02 9.9132880287818182e+02</data></extrinsic_parameters>
